C2B3_START=2026-07-18T04:19:04+00:00
CWD=/src
CMD=cargo check -p xai-grok-pager-bin
C2B3_CHECK_START=2026-07-18T04:19:39+00:00
C2B3_CHECK_END=2026-07-18T05:36:34+00:00
CARGO_CHECK_EXIT=0
C2B3_END=2026-07-18T05:36:34+00:00
HOST_START=2026-07-18T13:19:04.0886826+09:00
HOST_END=2026-07-18T14:36:34.4499333+09:00
HOST_ELAPSED=01:17:30.3522374
HOST_DOCKER_EXIT=0
CARGO_INTERNAL_FINISHED=Finished `dev` profile [unoptimized + debuginfo] target(s) in 70m 07s
CLASSIFICATION=SUCCESS
